3 3 11
CaminhaoEntrada1	0
20
10
100
25
50
30
30
12
20
40
CaminhaoEntrada2  1
8
15
300
20
50
35
40
13
60
30
CaminhaoEntrada3  2
2
15
100
5
50
35
30
10
70
80
CaminhaoSaida1
10
15
100
25
40
30
40
10
30
20
CaminhaoSaida2
10
15
200
20
60
30
30
10
60
80
CaminhaoSaida3
10
10
200
5
50
40
30
15
60
50
Cliente		00.00 0 0 00 00 000
Smartphone		00.20 1 2 10 10 030
Smartwatch		00.10 1 2 10 05 040
Capinha		00.05 1 2 20 01 500
Controle		00.20 1 2 20 02 050
VideoGame		05.00 2 4 10 05 150
Televisao		20.00 2 4 10 06 100
Headset		00.40 1 2 20 05 100
Notebook		06.00 2 4 10 10 035
MouseGamer		00.10 1 4 05 04 150
Teclado		01.50 1 4 05 04 150
0	1	2	3	4	5	6	7	8	9	10
1	0	1	2	3	4	5	6	7	8	9
2	1	0	1	2	3	4	5	6	7	8
3	2	1	0	1	2	3	4	5	6	7
4	3	2	1	0	1	2	3	4	5	6
5	4	3	2	1	0	1	2	3	4	5
6	5	4	3	2	1	0	1	2	3	4
7	6	5	4	3	2	1	0	1	2	3
8	7	6	5	4	3	2	1	0	1	2
9	8	7	6	5	4	3	2	1	0	1
10	9	8	7	6	5	4	3	2	1	0
3 3 3 3 500.0 140703128616957LL